Query: 0
d[0][0] = 0
d[0][1] = 4
d[0][2] = 8
d[0][3] = 12
d[0][4] = 16
d[0][5] = 20
d[0][6] = 24
d[0][7] = 4
d[0][8] = 7.28011
d[0][9] = 9.21954
d[0][10] = 13
d[0][11] = 19.6469
d[0][12] = 23.3452
d[0][13] = 24.3311
d[0][14] = 8
d[0][15] = 7.81025
d[0][16] = 11.4018
d[0][17] = 14.7648
d[0][18] = 19.6977
d[0][19] = 21.5407
d[0][20] = 25.2982
d[0][21] = 12
d[0][22] = 12.6491
d[0][23] = 12.8062
d[0][24] = 19.2094
d[0][25] = 21.6333
d[0][26] = 23.3238
d[0][27] = 26.8328
d[0][28] = 16
d[0][29] = 16.4924
d[0][30] = 17.8885
d[0][31] = 19.8494
d[0][32] = 22.8035
d[0][33] = 25
d[0][34] = 28.8444
d[0][35] = 20
d[0][36] = 20.2485
d[0][37] = 21.9545
d[0][38] = 23.4307
d[0][39] = 26.1725
d[0][40] = 28.2843
d[0][41] = 31.241
d[0][42] = 24
d[0][43] = 24.0416
d[0][44] = 26.9258
d[0][45] = 26.8328
d[0][46] = 28.8444
d[0][47] = 31.241
d[0][48] = 33.9411
d[1][0] = 4
d[1][1] = 0
d[1][2] = 4
d[1][3] = 8
d[1][4] = 12
d[1][5] = 16
d[1][6] = 20
d[1][7] = 5.65685
d[1][8] = 3.60555
d[1][9] = 5.38516
d[1][10] = 9.43398
d[1][11] = 15.8114
d[1][12] = 19.4165
d[1][13] = 20.3961
d[1][14] = 8.94427
d[1][15] = 6.08276
d[1][16] = 8.60233
d[1][17] = 11.4018
d[1][18] = 16.1245
d[1][19] = 17.8885
d[1][20] = 21.5407
d[1][21] = 12.6491
d[1][22] = 12
d[1][23] = 10.7703
d[1][24] = 16.2788
d[1][25] = 18.4391
d[1][26] = 20
d[1][27] = 23.3238
d[1][28] = 16.4924
d[1][29] = 16
d[1][30] = 16.4924
d[1][31] = 17.4929
d[1][32] = 19.799
d[1][33] = 21.9317
d[1][34] = 25.6125
d[1][35] = 20.3961
d[1][36] = 19.2354
d[1][37] = 20.2485
d[1][38] = 21.095
d[1][39] = 23.6008
d[1][40] = 25.6125
d[1][41] = 28.2843
d[1][42] = 24.3311
d[1][43] = 23.1948
d[1][44] = 25.7099
d[1][45] = 25.2982
d[1][46] = 26.8328
d[1][47] = 28.8444
d[1][48] = 31.241
d[2][0] = 8
d[2][1] = 4
d[2][2] = 0
d[2][3] = 4
d[2][4] = 8
d[2][5] = 12
d[2][6] = 16
d[2][7] = 8.94427
d[2][8] = 2.23607
d[2][9] = 2.23607
d[2][10] = 6.40312
d[2][11] = 12.083
d[2][12] = 15.5242
d[2][13] = 16.4924
d[2][14] = 11.3137
d[2][15] = 6.7082
d[2][16] = 7.07107
d[2][17] = 8.60233
d[2][18] = 12.8062
d[2][19] = 14.4222
d[2][20] = 17.8885
d[2][21] = 14.4222
d[2][22] = 12.6491
d[2][23] = 10
d[2][24] = 13.8924
d[2][25] = 15.6205
d[2][26] = 16.9706
d[2][27] = 20
d[2][28] = 17.8885
d[2][29] = 16.4924
d[2][30] = 16
d[2][31] = 15.8114
d[2][32] = 17.2047
d[2][33] = 19.2094
d[2][34] = 22.6274
d[2][35] = 21.5407
d[2][36] = 19.0263
d[2][37] = 19.2354
d[2][38] = 19.3132
d[2][39] = 21.4709
d[2][40] = 23.3238
d[2][41] = 25.6125
d[2][42] = 25.2982
d[2][43] = 23.0217
d[2][44] = 25.0799
d[2][45] = 24.3311
d[2][46] = 25.2982
d[2][47] = 26.8328
d[2][48] = 28.8444
d[3][0] = 12
d[3][1] = 8
d[3][2] = 4
d[3][3] = 0
d[3][4] = 4
d[3][5] = 8
d[3][6] = 12
d[3][7] = 12.6491
d[3][8] = 5.38516
d[3][9] = 3.60555
d[3][10] = 5
d[3][11] = 8.60233
d[3][12] = 11.7047
d[3][13] = 12.6491
d[3][14] = 14.4222
d[3][15] = 9.21954
d[3][16] = 7.61577
d[3][17] = 7.07107
d[3][18] = 10
d[3][19] = 11.3137
d[3][20] = 14.4222
d[3][21] = 16.9706
d[3][22] = 14.4222
d[3][23] = 10.7703
d[3][24] = 12.3693
d[3][25] = 13.4164
d[3][26] = 14.4222
d[3][27] = 16.9706
d[3][28] = 20
d[3][29] = 17.8885
d[3][30] = 16.4924
d[3][31] = 15.0333
d[3][32] = 15.2315
d[3][33] = 17
d[3][34] = 20
d[3][35] = 23.3238
d[3][36] = 19.6469
d[3][37] = 19.0263
d[3][38] = 18.2483
d[3][39] = 19.9249
d[3][40] = 21.5407
d[3][41] = 23.3238
d[3][42] = 26.8328
d[3][43] = 23.5372
d[3][44] = 25.0799
d[3][45] = 24
d[3][46] = 24.3311
d[3][47] = 25.2982
d[3][48] = 26.8328
d[4][0] = 16
d[4][1] = 12
d[4][2] = 8
d[4][3] = 4
d[4][4] = 0
d[4][5] = 4
d[4][6] = 8
d[4][7] = 16.4924
d[4][8] = 9.21954
d[4][9] = 7.28011
d[4][10] = 6.40312
d[4][11] = 5.83095
d[4][12] = 8.06226
d[4][13] = 8.94427
d[4][14] = 17.8885
d[4][15] = 12.53
d[4][16] = 9.89949
d[4][17] = 7.61577
d[4][18] = 8.24621
d[4][19] = 8.94427
d[4][20] = 11.3137
d[4][21] = 20
d[4][22] = 16.9706
d[4][23] = 12.8062
d[4][24] = 12.0416
d[4][25] = 12.1655
d[4][26] = 12.6491
d[4][27] = 14.4222
d[4][28] = 22.6274
d[4][29] = 20
d[4][30] = 17.8885
d[4][31] = 15.2971
d[4][32] = 14.1421
d[4][33] = 15.5242
d[4][34] = 17.8885
d[4][35] = 25.6125
d[4][36] = 21.0238
d[4][37] = 19.6469
d[4][38] = 18.0278
d[4][39] = 19.105
d[4][40] = 20.3961
d[4][41] = 21.5407
d[4][42] = 28.8444
d[4][43] = 24.6982
d[4][44] = 25.7099
d[4][45] = 24.3311
d[4][46] = 24
d[4][47] = 24.3311
d[4][48] = 25.2982
d[5][0] = 20
d[5][1] = 16
d[5][2] = 12
d[5][3] = 8
d[5][4] = 4
d[5][5] = 0
d[5][6] = 4
d[5][7] = 20.3961
d[5][8] = 13.1529
d[5][9] = 11.1803
d[5][10] = 9.43398
d[5][11] = 5.09902
d[5][12] = 5
d[5][13] = 5.65685
d[5][14] = 21.5407
d[5][15] = 16.1555
d[5][16] = 13.0384
d[5][17] = 9.89949
d[5][18] = 8.24621
d[5][19] = 8
d[5][20] = 8.94427
d[5][21] = 23.3238
d[5][22] = 20
d[5][23] = 15.6205
d[5][24] = 13
d[5][25] = 12.1655
d[5][26] = 12
d[5][27] = 12.6491
d[5][28] = 25.6125
d[5][29] = 22.6274
d[5][30] = 20
d[5][31] = 16.5529
d[5][32] = 14.1421
d[5][33] = 15
d[5][34] = 16.4924
d[5][35] = 28.2843
d[5][36] = 23.0217
d[5][37] = 21.0238
d[5][38] = 18.6815
d[5][39] = 19.105
d[5][40] = 20
d[5][41] = 20.3961
d[5][42] = 31.241
d[5][43] = 26.4197
d[5][44] = 26.9258
d[5][45] = 25.2982
d[5][46] = 24.3311
d[5][47] = 24
d[5][48] = 24.3311
d[6][0] = 24
d[6][1] = 20
d[6][2] = 16
d[6][3] = 12
d[6][4] = 8
d[6][5] = 4
d[6][6] = 0
d[6][7] = 24.3311
d[6][8] = 17.1172
d[6][9] = 15.1327
d[6][10] = 13
d[6][11] = 7.07107
d[6][12] = 4.12311
d[6][13] = 4
d[6][14] = 25.2982
d[6][15] = 19.9249
d[6][16] = 16.5529
d[6][17] = 13.0384
d[6][18] = 10
d[6][19] = 8.94427
d[6][20] = 8
d[6][21] = 26.8328
d[6][22] = 23.3238
d[6][23] = 18.868
d[6][24] = 15
d[6][25] = 13.4164
d[6][26] = 12.6491
d[6][27] = 12
d[6][28] = 28.8444
d[6][29] = 25.6125
d[6][30] = 22.6274
d[6][31] = 18.6011
d[6][32] = 15.2315
d[6][33] = 15.5242
d[6][34] = 16
d[6][35] = 31.241
d[6][36] = 25.4951
d[6][37] = 23.0217
d[6][38] = 20.1246
d[6][39] = 19.9249
d[6][40] = 20.3961
d[6][41] = 20
d[6][42] = 33.9411
d[6][43] = 28.6007
d[6][44] = 28.6531
d[6][45] = 26.8328
d[6][46] = 25.2982
d[6][47] = 24.3311
d[6][48] = 24
d[7][0] = 4
d[7][1] = 5.65685
d[7][2] = 8.94427
d[7][3] = 12.6491
d[7][4] = 16.4924
d[7][5] = 20.3961
d[7][6] = 24.3311
d[7][7] = 0
d[7][8] = 7.28011
d[7][9] = 9.21954
d[7][10] = 12.0416
d[7][11] = 19.0263
d[7][12] = 23
d[7][13] = 24
d[7][14] = 4
d[7][15] = 5.38516
d[7][16] = 9.48683
d[7][17] = 13.3417
d[7][18] = 18.4391
d[7][19] = 20.3961
d[7][20] = 24.3311
d[7][21] = 8
d[7][22] = 8.94427
d[7][23] = 10
d[7][24] = 17
d[7][25] = 19.6977
d[7][26] = 21.5407
d[7][27] = 25.2982
d[7][28] = 12
d[7][29] = 12.6491
d[7][30] = 14.4222
d[7][31] = 17.0294
d[7][32] = 20.5913
d[7][33] = 22.8254
d[7][34] = 26.8328
d[7][35] = 16
d[7][36] = 16.5529
d[7][37] = 18.6011
d[7][38] = 20.5183
d[7][39] = 23.4307
d[7][40] = 25.6125
d[7][41] = 28.8444
d[7][42] = 20
d[7][43] = 20.2485
d[7][44] = 23.2594
d[7][45] = 23.3238
d[7][46] = 25.6125
d[7][47] = 28.2843
d[7][48] = 31.241
d[8][0] = 7.28011
d[8][1] = 3.60555
d[8][2] = 2.23607
d[8][3] = 5.38516
d[8][4] = 9.21954
d[8][5] = 13.1529
d[8][6] = 17.1172
d[8][7] = 7.28011
d[8][8] = 0
d[8][9] = 2
d[8][10] = 5.83095
d[8][11] = 12.3693
d[8][12] = 16.1245
d[8][13] = 17.1172
d[8][14] = 9.21954
d[8][15] = 4.47214
d[8][16] = 5.38516
d[8][17] = 7.81025
d[8][18] = 12.53
d[8][19] = 14.3178
d[8][20] = 18.0278
d[8][21] = 12.2066
d[8][22] = 10.4403
d[8][23] = 8.06226
d[8][24] = 12.8062
d[8][25] = 14.8661
d[8][26] = 16.4012
d[8][27] = 19.7231
d[8][28] = 15.6525
d[8][29] = 14.3178
d[8][30] = 14.0357
d[8][31] = 14.3178
d[8][32] = 16.2788
d[8][33] = 18.3848
d[8][34] = 22.0227
d[8][35] = 19.3132
d[8][36] = 17
d[8][37] = 17.4642
d[8][38] = 17.8885
d[8][39] = 20.2485
d[8][40] = 22.2036
d[8][41] = 24.7588
d[8][42] = 23.0868
d[8][43] = 21
d[8][44] = 23.1948
d[8][45] = 22.561
d[8][46] = 23.7697
d[8][47] = 25.5539
d[8][48] = 27.8029
d[9][0] = 9.21954
d[9][1] = 5.38516
d[9][2] = 2.23607
d[9][3] = 3.60555
d[9][4] = 7.28011
d[9][5] = 11.1803
d[9][6] = 15.1327
d[9][7] = 9.21954
d[9][8] = 2
d[9][9] = 0
d[9][10] = 4.24264
d[9][11] = 10.4403
d[9][12] = 14.1421
d[9][13] = 15.1327
d[9][14] = 10.8167
d[9][15] = 5.65685
d[9][16] = 5
d[9][17] = 6.40312
d[9][18] = 10.8167
d[9][19] = 12.53
d[9][20] = 16.1555
d[9][21] = 13.4536
d[9][22] = 11.1803
d[9][23] = 8.06226
d[9][24] = 11.6619
d[9][25] = 13.4536
d[9][26] = 14.8661
d[9][27] = 18.0278
d[9][28] = 16.6433
d[9][29] = 14.8661
d[9][30] = 14.0357
d[9][31] = 13.6015
d[9][32] = 15
d[9][33] = 17.0294
d[9][34] = 20.5183
d[9][35] = 20.1246
d[9][36] = 17.1172
d[9][37] = 17.1172
d[9][38] = 17.088
d[9][39] = 19.2354
d[9][40] = 21.095
d[9][41] = 23.4307
d[9][42] = 23.7697
d[9][43] = 21.095
d[9][44] = 23.0217
d[9][45] = 22.2036
d[9][46] = 23.0868
d[9][47] = 24.5967
d[9][48] = 26.6271
d[10][0] = 13
d[10][1] = 9.43398
d[10][2] = 6.40312
d[10][3] = 5
d[10][4] = 6.40312
d[10][5] = 9.43398
d[10][6] = 13
d[10][7] = 12.0416
d[10][8] = 5.83095
d[10][9] = 4.24264
d[10][10] = 0
d[10][11] = 7
d[10][12] = 11.0454
d[10][13] = 12.0416
d[10][14] = 12.3693
d[10][15] = 7.07107
d[10][16] = 3.60555
d[10][17] = 2.23607
d[10][18] = 6.7082
d[10][19] = 8.544
d[10][20] = 12.3693
d[10][21] = 13.8924
d[10][22] = 10.6301
d[10][23] = 6.40312
d[10][24] = 7.61577
d[10][25] = 9.21954
d[10][26] = 10.6301
d[10][27] = 13.8924
d[10][28] = 16.2788
d[10][29] = 13.6015
d[10][30] = 11.7047
d[10][31] = 10.0499
d[10][32] = 10.8167
d[10][33] = 12.8062
d[10][34] = 16.2788
d[10][35] = 19.2094
d[10][36] = 14.8661
d[10][37] = 14.0357
d[10][38] = 13.3417
d[10][39] = 15.2315
d[10][40] = 17
d[10][41] = 19.2094
d[10][42] = 22.4722
d[10][43] = 18.6815
d[10][44] = 20.0998
d[10][45] = 19
d[10][46] = 19.4165
d[10][47] = 20.6155
d[10][48] = 22.4722
d[11][0] = 19.6469
d[11][1] = 15.8114
d[11][2] = 12.083
d[11][3] = 8.60233
d[11][4] = 5.83095
d[11][5] = 5.09902
d[11][6] = 7.07107
d[11][7] = 19.0263
d[11][8] = 12.3693
d[11][9] = 10.4403
d[11][10] = 7
d[11][11] = 0
d[11][12] = 4.12311
d[11][13] = 5.09902
d[11][14] = 19.2354
d[11][15] = 14.0357
d[11][16] = 10.198
d[11][17] = 6.32456
d[11][18] = 3.16228
d[11][19] = 3.16228
d[11][20] = 5.83095
d[11][21] = 20.2485
d[11][22] = 16.5529
d[11][23] = 12.083
d[11][24] = 8.06226
d[11][25] = 7.07107
d[11][26] = 7.07107
d[11][27] = 8.60233
d[11][28] = 21.9545
d[11][29] = 18.6011
d[11][30] = 15.5563
d[11][31] = 11.6619
d[11][32] = 9.05539
d[11][33] = 10.0499
d[11][34] = 12.083
d[11][35] = 24.2074
d[11][36] = 18.4391
d[11][37] = 16.1245
d[11][38] = 13.6015
d[11][39] = 14.0357
d[11][40] = 15.0333
d[11][41] = 15.8114
d[11][42] = 26.8701
d[11][43] = 21.6333
d[11][44] = 21.9317
d[11][45] = 20.2485
d[11][46] = 19.2354
d[11][47] = 19.0263
d[11][48] = 19.6469
d[12][0] = 23.3452
d[12][1] = 19.4165
d[12][2] = 15.5242
d[12][3] = 11.7047
d[12][4] = 8.06226
d[12][5] = 5
d[12][6] = 4.12311
d[12][7] = 23
d[12][8] = 16.1245
d[12][9] = 14.1421
d[12][10] = 11.0454
d[12][11] = 4.12311
d[12][12] = 0
d[12][13] = 1
d[12][14] = 23.3452
d[12][15] = 18.1108
d[12][16] = 14.3178
d[12][17] = 10.4403
d[12][18] = 6.40312
d[12][19] = 5
d[12][20] = 4.12311
d[12][21] = 24.3516
d[12][22] = 20.6155
d[12][23] = 16.1555
d[12][24] = 11.3137
d[12][25] = 9.43398
d[12][26] = 8.544
d[12][27] = 8.06226
d[12][28] = 25.9422
d[12][29] = 22.4722
d[12][30] = 19.2094
d[12][31] = 14.8661
d[12][32] = 11.1803
d[12][33] = 11.4018
d[12][34] = 12.0416
d[12][35] = 28.0179
d[12][36] = 21.9317
d[12][37] = 19.2094
d[12][38] = 16.1245
d[12][39] = 15.8114
d[12][40] = 16.2788
d[12][41] = 16.0312
d[12][42] = 30.4795
d[12][43] = 24.8395
d[12][44] = 24.6982
d[12][45] = 22.8254
d[12][46] = 21.1896
d[12][47] = 20.2237
d[12][48] = 20.025
d[13][0] = 24.3311
d[13][1] = 20.3961
d[13][2] = 16.4924
d[13][3] = 12.6491
d[13][4] = 8.94427
d[13][5] = 5.65685
d[13][6] = 4
d[13][7] = 24
d[13][8] = 17.1172
d[13][9] = 15.1327
d[13][10] = 12.0416
d[13][11] = 5.09902
d[13][12] = 1
d[13][13] = 0
d[13][14] = 24.3311
d[13][15] = 19.105
d[13][16] = 15.2971
d[13][17] = 11.4018
d[13][18] = 7.2111
d[13][19] = 5.65685
d[13][20] = 4
d[13][21] = 25.2982
d[13][22] = 21.5407
d[13][23] = 17.088
d[13][24] = 12.0416
d[13][25] = 10
d[13][26] = 8.94427
d[13][27] = 8
d[13][28] = 26.8328
d[13][29] = 23.3238
d[13][30] = 20
d[13][31] = 15.5563
d[13][32] = 11.6619
d[13][33] = 11.7047
d[13][34] = 12
d[13][35] = 28.8444
d[13][36] = 22.6716
d[13][37] = 19.8494
d[13][38] = 16.6433
d[13][39] = 16.1555
d[13][40] = 16.4924
d[13][41] = 16
d[13][42] = 31.241
d[13][43] = 25.4951
d[13][44] = 25.2389
d[13][45] = 23.3238
d[13][46] = 21.5407
d[13][47] = 20.3961
d[13][48] = 20
d[14][0] = 8
d[14][1] = 8.94427
d[14][2] = 11.3137
d[14][3] = 14.4222
d[14][4] = 17.8885
d[14][5] = 21.5407
d[14][6] = 25.2982
d[14][7] = 4
d[14][8] = 9.21954
d[14][9] = 10.8167
d[14][10] = 12.3693
d[14][11] = 19.2354
d[14][12] = 23.3452
d[14][13] = 24.3311
d[14][14] = 0
d[14][15] = 5.38516
d[14][16] = 9.05539
d[14][17] = 13.0384
d[14][18] = 18
d[14][19] = 20
d[14][20] = 24
d[14][21] = 4
d[14][22] = 5.65685
d[14][23] = 8.24621
d[14][24] = 15.5242
d[14][25] = 18.4391
d[14][26] = 20.3961
d[14][27] = 24.3311
d[14][28] = 8
d[14][29] = 8.94427
d[14][30] = 11.3137
d[14][31] = 14.7648
d[14][32] = 18.9737
d[14][33] = 21.1896
d[14][34] = 25.2982
d[14][35] = 12
d[14][36] = 13.0384
d[14][37] = 15.5563
d[14][38] = 18.0278
d[14][39] = 21.095
d[14][40] = 23.3238
d[14][41] = 26.8328
d[14][42] = 16
d[14][43] = 16.5529
d[14][44] = 19.7231
d[14][45] = 20
d[14][46] = 22.6274
d[14][47] = 25.6125
d[14][48] = 28.8444
d[15][0] = 7.81025
d[15][1] = 6.08276
d[15][2] = 6.7082
d[15][3] = 9.21954
d[15][4] = 12.53
d[15][5] = 16.1555
d[15][6] = 19.9249
d[15][7] = 5.38516
d[15][8] = 4.47214
d[15][9] = 5.65685
d[15][10] = 7.07107
d[15][11] = 14.0357
d[15][12] = 18.1108
d[15][13] = 19.105
d[15][14] = 5.38516
d[15][15] = 0
d[15][16] = 4.12311
d[15][17] = 8.06226
d[15][18] = 13.1529
d[15][19] = 15.1327
d[15][20] = 19.105
d[15][21] = 7.81025
d[15][22] = 6.08276
d[15][23] = 5
d[15][24] = 11.6619
d[15][25] = 14.3178
d[15][26] = 16.1555
d[15][27] = 19.9249
d[15][28] = 11.1803
d[15][29] = 10.0499
d[15][30] = 10.4403
d[15][31] = 12.0416
d[15][32] = 15.2643
d[15][33] = 17.4929
d[15][34] = 21.4709
d[15][35] = 14.8661
d[15][36] = 13.1529
d[15][37] = 14.3178
d[15][38] = 15.6205
d[15][39] = 18.3848
d[15][40] = 20.5183
d[15][41] = 23.6008
d[15][42] = 18.6815
d[15][43] = 17.1172
d[15][44] = 19.6469
d[15][45] = 19.3132
d[15][46] = 21.095
d[15][47] = 23.4307
d[15][48] = 26.1725
d[16][0] = 11.4018
d[16][1] = 8.60233
d[16][2] = 7.07107
d[16][3] = 7.61577
d[16][4] = 9.89949
d[16][5] = 13.0384
d[16][6] = 16.5529
d[16][7] = 9.48683
d[16][8] = 5.38516
d[16][9] = 5
d[16][10] = 3.60555
d[16][11] = 10.198
d[16][12] = 14.3178
d[16][13] = 15.2971
d[16][14] = 9.05539
d[16][15] = 4.12311
d[16][16] = 0
d[16][17] = 4
d[16][18] = 9.05539
d[16][19] = 11.0454
d[16][20] = 15.0333
d[16][21] = 10.2956
d[16][22] = 7.07107
d[16][23] = 3.16228
d[16][24] = 7.81025
d[16][25] = 10.2956
d[16][26] = 12.083
d[16][27] = 15.8114
d[16][28] = 12.7279
d[16][29] = 10.2956
d[16][30] = 9.05539
d[16][31] = 8.94427
d[16][32] = 11.4018
d[16][33] = 13.6015
d[16][34] = 17.4929
d[16][35] = 15.8114
d[16][36] = 12.1655
d[16][37] = 12.1655
d[16][38] = 12.53
d[16][39] = 15
d[16][40] = 17.0294
d[16][41] = 19.8494
d[16][42] = 19.2354
d[16][43] = 16.1245
d[16][44] = 18.0278
d[16][45] = 17.2627
d[16][46] = 18.3848
d[16][47] = 20.2485
d[16][48] = 22.6716
d[17][0] = 14.7648
d[17][1] = 11.4018
d[17][2] = 8.60233
d[17][3] = 7.07107
d[17][4] = 7.61577
d[17][5] = 9.89949
d[17][6] = 13.0384
d[17][7] = 13.3417
d[17][8] = 7.81025
d[17][9] = 6.40312
d[17][10] = 2.23607
d[17][11] = 6.32456
d[17][12] = 10.4403
d[17][13] = 11.4018
d[17][14] = 13.0384
d[17][15] = 8.06226
d[17][16] = 4
d[17][17] = 0
d[17][18] = 5.09902
d[17][19] = 7.07107
d[17][20] = 11.0454
d[17][21] = 13.9284
d[17][22] = 10.2956
d[17][23] = 5.83095
d[17][24] = 5.38516
d[17][25] = 7.07107
d[17][26] = 8.60233
d[17][27] = 12.083
d[17][28] = 15.8114
d[17][29] = 12.7279
d[17][30] = 10.2956
d[17][31] = 8
d[17][32] = 8.60233
d[17][33] = 10.6301
d[17][34] = 14.2127
d[17][35] = 18.3848
d[17][36] = 13.4164
d[17][37] = 12.1655
d[17][38] = 11.1803
d[17][39] = 13
d[17][40] = 14.7648
d[17][41] = 17.0294
d[17][42] = 21.4009
d[17][43] = 17.088
d[17][44] = 18.2483
d[17][45] = 17.0294
d[17][46] = 17.2627
d[17][47] = 18.3848
d[17][48] = 20.2485
d[18][0] = 19.6977
d[18][1] = 16.1245
d[18][2] = 12.8062
d[18][3] = 10
d[18][4] = 8.24621
d[18][5] = 8.24621
d[18][6] = 10
d[18][7] = 18.4391
d[18][8] = 12.53
d[18][9] = 10.8167
d[18][10] = 6.7082
d[18][11] = 3.16228
d[18][12] = 6.40312
d[18][13] = 7.2111
d[18][14] = 18
d[18][15] = 13.1529
d[18][16] = 9.05539
d[18][17] = 5.09902
d[18][18] = 0
d[18][19] = 2
d[18][20] = 6
d[18][21] = 18.4391
d[18][22] = 14.5602
d[18][23] = 10.198
d[18][24] = 5
d[18][25] = 4
d[18][26] = 4.47214
d[18][27] = 7.2111
d[18][28] = 19.6977
d[18][29] = 16.1245
d[18][30] = 12.8062
d[18][31] = 8.60233
d[18][32] = 6
d[18][33] = 7.28011
d[18][34] = 10
d[18][35] = 21.6333
d[18][36] = 15.5563
d[18][37] = 13.0384
d[18][38] = 10.4403
d[18][39] = 11
d[18][40] = 12.1655
d[18][41] = 13.4164
d[18][42] = 24.0832
d[18][43] = 18.6011
d[18][44] = 18.7883
d[18][45] = 17.088
d[18][46] = 16.1245
d[18][47] = 16.1245
d[18][48] = 17.088
d[19][0] = 21.5407
d[19][1] = 17.8885
d[19][2] = 14.4222
d[19][3] = 11.3137
d[19][4] = 8.94427
d[19][5] = 8
d[19][6] = 8.94427
d[19][7] = 20.3961
d[19][8] = 14.3178
d[19][9] = 12.53
d[19][10] = 8.544
d[19][11] = 3.16228
d[19][12] = 5
d[19][13] = 5.65685
d[19][14] = 20
d[19][15] = 15.1327
d[19][16] = 11.0454
d[19][17] = 7.07107
d[19][18] = 2
d[19][19] = 0
d[19][20] = 4
d[19][21] = 20.3961
d[19][22] = 16.4924
d[19][23] = 12.1655
d[19][24] = 6.40312
d[19][25] = 4.47214
d[19][26] = 4
d[19][27] = 5.65685
d[19][28] = 21.5407
d[19][29] = 17.8885
d[19][30] = 14.4222
d[19][31] = 9.89949
d[19][32] = 6.32456
d[19][33] = 7
d[19][34] = 8.94427
d[19][35] = 23.3238
d[19][36] = 17.0294
d[19][37] = 14.2127
d[19][38] = 11.1803
d[19][39] = 11.1803
d[19][40] = 12
d[19][41] = 12.6491
d[19][42] = 25.6125
d[19][43] = 19.8494
d[19][44] = 19.7231
d[19][45] = 17.8885
d[19][46] = 16.4924
d[19][47] = 16
d[19][48] = 16.4924
d[20][0] = 25.2982
d[20][1] = 21.5407
d[20][2] = 17.8885
d[20][3] = 14.4222
d[20][4] = 11.3137
d[20][5] = 8.94427
d[20][6] = 8
d[20][7] = 24.3311
d[20][8] = 18.0278
d[20][9] = 16.1555
d[20][10] = 12.3693
d[20][11] = 5.83095
d[20][12] = 4.12311
d[20][13] = 4
d[20][14] = 24
d[20][15] = 19.105
d[20][16] = 15.0333
d[20][17] = 11.0454
d[20][18] = 6
d[20][19] = 4
d[20][20] = 0
d[20][21] = 24.3311
d[20][22] = 20.3961
d[20][23] = 16.1245
d[20][24] = 9.84886
d[20][25] = 7.2111
d[20][26] = 5.65685
d[20][27] = 4
d[20][28] = 25.2982
d[20][29] = 21.5407
d[20][30] = 17.8885
d[20][31] = 13.0384
d[20][32] = 8.48528
d[20][33] = 8.06226
d[20][34] = 8
d[20][35] = 26.8328
d[20][36] = 20.2485
d[20][37] = 17.0294
d[20][38] = 13.4536
d[20][39] = 12.53
d[20][40] = 12.6491
d[20][41] = 12
d[20][42] = 28.8444
d[20][43] = 22.6716
d[20][44] = 22.0227
d[20][45] = 20
d[20][46] = 17.8885
d[20][47] = 16.4924
d[20][48] = 16
d[21][0] = 12
d[21][1] = 12.6491
d[21][2] = 14.4222
d[21][3] = 16.9706
d[21][4] = 20
d[21][5] = 23.3238
d[21][6] = 26.8328
d[21][7] = 8
d[21][8] = 12.2066
d[21][9] = 13.4536
d[21][10] = 13.8924
d[21][11] = 20.2485
d[21][12] = 24.3516
d[21][13] = 25.2982
d[21][14] = 4
d[21][15] = 7.81025
d[21][16] = 10.2956
d[21][17] = 13.9284
d[21][18] = 18.4391
d[21][19] = 20.3961
d[21][20] = 24.3311
d[21][21] = 0
d[21][22] = 4
d[21][23] = 8.24621
d[21][24] = 15
d[21][25] = 18
d[21][26] = 20
d[21][27] = 24
d[21][28] = 4
d[21][29] = 5.65685
d[21][30] = 8.94427
d[21][31] = 13.3417
d[21][32] = 18.1108
d[21][33] = 20.2237
d[21][34] = 24.3311
d[21][35] = 8
d[21][36] = 9.89949
d[21][37] = 13.0384
d[21][38] = 16.1555
d[21][39] = 19.3132
d[21][40] = 21.5407
d[21][41] = 25.2982
d[21][42] = 12
d[21][43] = 13.0384
d[21][44] = 16.4012
d[21][45] = 16.9706
d[21][46] = 20
d[21][47] = 23.3238
d[21][48] = 26.8328
d[22][0] = 12.6491
d[22][1] = 12
d[22][2] = 12.6491
d[22][3] = 14.4222
d[22][4] = 16.9706
d[22][5] = 20
d[22][6] = 23.3238
d[22][7] = 8.94427
d[22][8] = 10.4403
d[22][9] = 11.1803
d[22][10] = 10.6301
d[22][11] = 16.5529
d[22][12] = 20.6155
d[22][13] = 21.5407
d[22][14] = 5.65685
d[22][15] = 6.08276
d[22][16] = 7.07107
d[22][17] = 10.2956
d[22][18] = 14.5602
d[22][19] = 16.4924
d[22][20] = 20.3961
d[22][21] = 4
d[22][22] = 0
d[22][23] = 4.47214
d[22][24] = 11
d[22][25] = 14
d[22][26] = 16
d[22][27] = 20
d[22][28] = 5.65685
d[22][29] = 4
d[22][30] = 5.65685
d[22][31] = 9.48683
d[22][32] = 14.1421
d[22][33] = 16.2788
d[22][34] = 20.3961
d[22][35] = 8.94427
d[22][36] = 7.61577
d[22][37] = 9.89949
d[22][38] = 12.53
d[22][39] = 15.6525
d[22][40] = 17.8885
d[22][41] = 21.5407
d[22][42] = 12.6491
d[22][43] = 11.4018
d[22][44] = 14.3178
d[22][45] = 14.4222
d[22][46] = 16.9706
d[22][47] = 20
d[22][48] = 23.3238
d[23][0] = 12.8062
d[23][1] = 10.7703
d[23][2] = 10
d[23][3] = 10.7703
d[23][4] = 12.8062
d[23][5] = 15.6205
d[23][6] = 18.868
d[23][7] = 10
d[23][8] = 8.06226
d[23][9] = 8.06226
d[23][10] = 6.40312
d[23][11] = 12.083
d[23][12] = 16.1555
d[23][13] = 17.088
d[23][14] = 8.24621
d[23][15] = 5
d[23][16] = 3.16228
d[23][17] = 5.83095
d[23][18] = 10.198
d[23][19] = 12.1655
d[23][20] = 16.1245
d[23][21] = 8.24621
d[23][22] = 4.47214
d[23][23] = 0
d[23][24] = 7.28011
d[23][25] = 10.198
d[23][26] = 12.1655
d[23][27] = 16.1245
d[23][28] = 10
d[23][29] = 7.2111
d[23][30] = 6
d[23][31] = 7.07107
d[23][32] = 10.7703
d[23][33] = 13
d[23][34] = 17.088
d[23][35] = 12.8062
d[23][36] = 9.05539
d[23][37] = 9.48683
d[23][38] = 10.6301
d[23][39] = 13.4536
d[23][40] = 15.6205
d[23][41] = 18.868
d[23][42] = 16.1245
d[23][43] = 13.0384
d[23][44] = 15.1327
d[23][45] = 14.5602
d[23][46] = 16.1245
d[23][47] = 18.4391
d[23][48] = 21.2603
d[24][0] = 19.2094
d[24][1] = 16.2788
d[24][2] = 13.8924
d[24][3] = 12.3693
d[24][4] = 12.0416
d[24][5] = 13
d[24][6] = 15
d[24][7] = 17
d[24][8] = 12.8062
d[24][9] = 11.6619
d[24][10] = 7.61577
d[24][11] = 8.06226
d[24][12] = 11.3137
d[24][13] = 12.0416
d[24][14] = 15.5242
d[24][15] = 11.6619
d[24][16] = 7.81025
d[24][17] = 5.38516
d[24][18] = 5
d[24][19] = 6.40312
d[24][20] = 9.84886
d[24][21] = 15
d[24][22] = 11
d[24][23] = 7.28011
d[24][24] = 0
d[24][25] = 3
d[24][26] = 5
d[24][27] = 9
d[24][28] = 15.5242
d[24][29] = 11.7047
d[24][30] = 8.06226
d[24][31] = 3.60555
d[24][32] = 3.60555
d[24][33] = 5.83095
d[24][34] = 9.84886
d[24][35] = 17
d[24][36] = 10.6301
d[24][37] = 8.06226
d[24][38] = 6
d[24][39] = 7.61577
d[24][40] = 9.43398
d[24][41] = 12.0416
d[24][42] = 19.2094
d[24][43] = 13.6015
d[24][44] = 13.9284
d[24][45] = 12.3693
d[24][46] = 12.0416
d[24][47] = 13
d[24][48] = 15
d[25][0] = 21.6333
d[25][1] = 18.4391
d[25][2] = 15.6205
d[25][3] = 13.4164
d[25][4] = 12.1655
d[25][5] = 12.1655
d[25][6] = 13.4164
d[25][7] = 19.6977
d[25][8] = 14.8661
d[25][9] = 13.4536
d[25][10] = 9.21954
d[25][11] = 7.07107
d[25][12] = 9.43398
d[25][13] = 10
d[25][14] = 18.4391
d[25][15] = 14.3178
d[25][16] = 10.2956
d[25][17] = 7.07107
d[25][18] = 4
d[25][19] = 4.47214
d[25][20] = 7.2111
d[25][21] = 18
d[25][22] = 14
d[25][23] = 10.198
d[25][24] = 3
d[25][25] = 0
d[25][26] = 2
d[25][27] = 6
d[25][28] = 18.4391
d[25][29] = 14.5602
d[25][30] = 10.7703
d[25][31] = 5.83095
d[25][32] = 2
d[25][33] = 3.60555
d[25][34] = 7.2111
d[25][35] = 19.6977
d[25][36] = 13.0384
d[25][37] = 9.89949
d[25][38] = 6.7082
d[25][39] = 7
d[25][40] = 8.24621
d[25][41] = 10
d[25][42] = 21.6333
d[25][43] = 15.5563
d[25][44] = 15.2643
d[25][45] = 13.4164
d[25][46] = 12.1655
d[25][47] = 12.1655
d[25][48] = 13.4164
d[26][0] = 23.3238
d[26][1] = 20
d[26][2] = 16.9706
d[26][3] = 14.4222
d[26][4] = 12.6491
d[26][5] = 12
d[26][6] = 12.6491
d[26][7] = 21.5407
d[26][8] = 16.4012
d[26][9] = 14.8661
d[26][10] = 10.6301
d[26][11] = 7.07107
d[26][12] = 8.544
d[26][13] = 8.94427
d[26][14] = 20.3961
d[26][15] = 16.1555
d[26][16] = 12.083
d[26][17] = 8.60233
d[26][18] = 4.47214
d[26][19] = 4
d[26][20] = 5.65685
d[26][21] = 20
d[26][22] = 16
d[26][23] = 12.1655
d[26][24] = 5
d[26][25] = 2
d[26][26] = 0
d[26][27] = 4
d[26][28] = 20.3961
d[26][29] = 16.4924
d[26][30] = 12.6491
d[26][31] = 7.61577
d[26][32] = 2.82843
d[26][33] = 3
d[26][34] = 5.65685
d[26][35] = 21.5407
d[26][36] = 14.7648
d[26][37] = 11.4018
d[26][38] = 7.81025
d[26][39] = 7.28011
d[26][40] = 8
d[26][41] = 8.94427
d[26][42] = 23.3238
d[26][43] = 17.0294
d[26][44] = 16.4012
d[26][45] = 14.4222
d[26][46] = 12.6491
d[26][47] = 12
d[26][48] = 12.6491
d[27][0] = 26.8328
d[27][1] = 23.3238
d[27][2] = 20
d[27][3] = 16.9706
d[27][4] = 14.4222
d[27][5] = 12.6491
d[27][6] = 12
d[27][7] = 25.2982
d[27][8] = 19.7231
d[27][9] = 18.0278
d[27][10] = 13.8924
d[27][11] = 8.60233
d[27][12] = 8.06226
d[27][13] = 8
d[27][14] = 24.3311
d[27][15] = 19.9249
d[27][16] = 15.8114
d[27][17] = 12.083
d[27][18] = 7.2111
d[27][19] = 5.65685
d[27][20] = 4
d[27][21] = 24
d[27][22] = 20
d[27][23] = 16.1245
d[27][24] = 9
d[27][25] = 6
d[27][26] = 4
d[27][27] = 0
d[27][28] = 24.3311
d[27][29] = 20.3961
d[27][30] = 16.4924
d[27][31] = 11.4018
d[27][32] = 6.32456
d[27][33] = 5
d[27][34] = 4
d[27][35] = 25.2982
d[27][36] = 18.3848
d[27][37] = 14.7648
d[27][38] = 10.8167
d[27][39] = 9.21954
d[27][40] = 8.94427
d[27][41] = 8
d[27][42] = 26.8328
d[27][43] = 20.2485
d[27][44] = 19.105
d[27][45] = 16.9706
d[27][46] = 14.4222
d[27][47] = 12.6491
d[27][48] = 12
d[28][0] = 16
d[28][1] = 16.4924
d[28][2] = 17.8885
d[28][3] = 20
d[28][4] = 22.6274
d[28][5] = 25.6125
d[28][6] = 28.8444
d[28][7] = 12
d[28][8] = 15.6525
d[28][9] = 16.6433
d[28][10] = 16.2788
d[28][11] = 21.9545
d[28][12] = 25.9422
d[28][13] = 26.8328
d[28][14] = 8
d[28][15] = 11.1803
d[28][16] = 12.7279
d[28][17] = 15.8114
d[28][18] = 19.6977
d[28][19] = 21.5407
d[28][20] = 25.2982
d[28][21] = 4
d[28][22] = 5.65685
d[28][23] = 10
d[28][24] = 15.5242
d[28][25] = 18.4391
d[28][26] = 20.3961
d[28][27] = 24.3311
d[28][28] = 0
d[28][29] = 4
d[28][30] = 8
d[28][31] = 13.0384
d[28][32] = 18.1108
d[28][33] = 20.025
d[28][34] = 24
d[28][35] = 4
d[28][36] = 7.61577
d[28][37] = 11.4018
d[28][38] = 15.1327
d[28][39] = 18.2483
d[28][40] = 20.3961
d[28][41] = 24.3311
d[28][42] = 8
d[28][43] = 9.89949
d[28][44] = 13.4536
d[28][45] = 14.4222
d[28][46] = 17.8885
d[28][47] = 21.5407
d[28][48] = 25.2982
d[29][0] = 16.4924
d[29][1] = 16
d[29][2] = 16.4924
d[29][3] = 17.8885
d[29][4] = 20
d[29][5] = 22.6274
d[29][6] = 25.6125
d[29][7] = 12.6491
d[29][8] = 14.3178
d[29][9] = 14.8661
d[29][10] = 13.6015
d[29][11] = 18.6011
d[29][12] = 22.4722
d[29][13] = 23.3238
d[29][14] = 8.94427
d[29][15] = 10.0499
d[29][16] = 10.2956
d[29][17] = 12.7279
d[29][18] = 16.1245
d[29][19] = 17.8885
d[29][20] = 21.5407
d[29][21] = 5.65685
d[29][22] = 4
d[29][23] = 7.2111
d[29][24] = 11.7047
d[29][25] = 14.5602
d[29][26] = 16.4924
d[29][27] = 20.3961
d[29][28] = 4
d[29][29] = 0
d[29][30] = 4
d[29][31] = 9.05539
d[29][32] = 14.1421
d[29][33] = 16.0312
d[29][34] = 20
d[29][35] = 5.65685
d[29][36] = 4.24264
d[29][37] = 7.61577
d[29][38] = 11.1803
d[29][39] = 14.3178
d[29][40] = 16.4924
d[29][41] = 20.3961
d[29][42] = 8.94427
d[29][43] = 7.61577
d[29][44] = 10.8167
d[29][45] = 11.3137
d[29][46] = 14.4222
d[29][47] = 17.8885
d[29][48] = 21.5407
d[30][0] = 17.8885
d[30][1] = 16.4924
d[30][2] = 16
d[30][3] = 16.4924
d[30][4] = 17.8885
d[30][5] = 20
d[30][6] = 22.6274
d[30][7] = 14.4222
d[30][8] = 14.0357
d[30][9] = 14.0357
d[30][10] = 11.7047
d[30][11] = 15.5563
d[30][12] = 19.2094
d[30][13] = 20
d[30][14] = 11.3137
d[30][15] = 10.4403
d[30][16] = 9.05539
d[30][17] = 10.2956
d[30][18] = 12.8062
d[30][19] = 14.4222
d[30][20] = 17.8885
d[30][21] = 8.94427
d[30][22] = 5.65685
d[30][23] = 6
d[30][24] = 8.06226
d[30][25] = 10.7703
d[30][26] = 12.6491
d[30][27] = 16.4924
d[30][28] = 8
d[30][29] = 4
d[30][30] = 0
d[30][31] = 5.09902
d[30][32] = 10.198
d[30][33] = 12.0416
d[30][34] = 16
d[30][35] = 8.94427
d[30][36] = 3.16228
d[30][37] = 4.24264
d[30][38] = 7.28011
d[30][39] = 10.4403
d[30][40] = 12.6491
d[30][41] = 16.4924
d[30][42] = 11.3137
d[30][43] = 7.07107
d[30][44] = 9.21954
d[30][45] = 8.94427
d[30][46] = 11.3137
d[30][47] = 14.4222
d[30][48] = 17.8885
d[31][0] = 19.8494
d[31][1] = 17.4929
d[31][2] = 15.8114
d[31][3] = 15.0333
d[31][4] = 15.2971
d[31][5] = 16.5529
d[31][6] = 18.6011
d[31][7] = 17.0294
d[31][8] = 14.3178
d[31][9] = 13.6015
d[31][10] = 10.0499
d[31][11] = 11.6619
d[31][12] = 14.8661
d[31][13] = 15.5563
d[31][14] = 14.7648
d[31][15] = 12.0416
d[31][16] = 8.94427
d[31][17] = 8
d[31][18] = 8.60233
d[31][19] = 9.89949
d[31][20] = 13.0384
d[31][21] = 13.3417
d[31][22] = 9.48683
d[31][23] = 7.07107
d[31][24] = 3.60555
d[31][25] = 5.83095
d[31][26] = 7.61577
d[31][27] = 11.4018
d[31][28] = 13.0384
d[31][29] = 9.05539
d[31][30] = 5.09902
d[31][31] = 0
d[31][32] = 5.09902
d[31][33] = 7
d[31][34] = 11.0454
d[31][35] = 13.9284
d[31][36] = 7.2111
d[31][37] = 4.47214
d[31][38] = 3.60555
d[31][39] = 6.40312
d[31][40] = 8.60233
d[31][41] = 12.083
d[31][42] = 15.8114
d[31][43] = 10
d[31][44] = 10.4403
d[31][45] = 9.05539
d[31][46] = 9.48683
d[31][47] = 11.4018
d[31][48] = 14.2127
d[32][0] = 22.8035
d[32][1] = 19.799
d[32][2] = 17.2047
d[32][3] = 15.2315
d[32][4] = 14.1421
d[32][5] = 14.1421
d[32][6] = 15.2315
d[32][7] = 20.5913
d[32][8] = 16.2788
d[32][9] = 15
d[32][10] = 10.8167
d[32][11] = 9.05539
d[32][12] = 11.1803
d[32][13] = 11.6619
d[32][14] = 18.9737
d[32][15] = 15.2643
d[32][16] = 11.4018
d[32][17] = 8.60233
d[32][18] = 6
d[32][19] = 6.32456
d[32][20] = 8.48528
d[32][21] = 18.1108
d[32][22] = 14.1421
d[32][23] = 10.7703
d[32][24] = 3.60555
d[32][25] = 2
d[32][26] = 2.82843
d[32][27] = 6.32456
d[32][28] = 18.1108
d[32][29] = 14.1421
d[32][30] = 10.198
d[32][31] = 5.09902
d[32][32] = 0
d[32][33] = 2.23607
d[32][34] = 6.32456
d[32][35] = 18.9737
d[32][36] = 12.083
d[32][37] = 8.60233
d[32][38] = 5
d[32][39] = 5
d[32][40] = 6.32456
d[32][41] = 8.48528
d[32][42] = 20.5913
d[32][43] = 14.2127
d[32][44] = 13.6015
d[32][45] = 11.6619
d[32][46] = 10.198
d[32][47] = 10.198
d[32][48] = 11.6619
d[33][0] = 25
d[33][1] = 21.9317
d[33][2] = 19.2094
d[33][3] = 17
d[33][4] = 15.5242
d[33][5] = 15
d[33][6] = 15.5242
d[33][7] = 22.8254
d[33][8] = 18.3848
d[33][9] = 17.0294
d[33][10] = 12.8062
d[33][11] = 10.0499
d[33][12] = 11.4018
d[33][13] = 11.7047
d[33][14] = 21.1896
d[33][15] = 17.4929
d[33][16] = 13.6015
d[33][17] = 10.6301
d[33][18] = 7.28011
d[33][19] = 7
d[33][20] = 8.06226
d[33][21] = 20.2237
d[33][22] = 16.2788
d[33][23] = 13
d[33][24] = 5.83095
d[33][25] = 3.60555
d[33][26] = 3
d[33][27] = 5
d[33][28] = 20.025
d[33][29] = 16.0312
d[33][30] = 12.0416
d[33][31] = 7
d[33][32] = 2.23607
d[33][33] = 0
d[33][34] = 4.12311
d[33][35] = 20.6155
d[33][36] = 13.6015
d[33][37] = 9.84886
d[33][38] = 5.83095
d[33][39] = 4.47214
d[33][40] = 5
d[33][41] = 6.40312
d[33][42] = 21.9317
d[33][43] = 15.2643
d[33][44] = 14.1421
d[33][45] = 12.0416
d[33][46] = 9.84886
d[33][47] = 9
d[33][48] = 9.84886
d[34][0] = 28.8444
d[34][1] = 25.6125
d[34][2] = 22.6274
d[34][3] = 20
d[34][4] = 17.8885
d[34][5] = 16.4924
d[34][6] = 16
d[34][7] = 26.8328
d[34][8] = 22.0227
d[34][9] = 20.5183
d[34][10] = 16.2788
d[34][11] = 12.083
d[34][12] = 12.0416
d[34][13] = 12
d[34][14] = 25.2982
d[34][15] = 21.4709
d[34][16] = 17.4929
d[34][17] = 14.2127
d[34][18] = 10
d[34][19] = 8.94427
d[34][20] = 8
d[34][21] = 24.3311
d[34][22] = 20.3961
d[34][23] = 17.088
d[34][24] = 9.84886
d[34][25] = 7.2111
d[34][26] = 5.65685
d[34][27] = 4
d[34][28] = 24
d[34][29] = 20
d[34][30] = 16
d[34][31] = 11.0454
d[34][32] = 6.32456
d[34][33] = 4.12311
d[34][34] = 0
d[34][35] = 24.3311
d[34][36] = 17.2627
d[34][37] = 13.3417
d[34][38] = 9.21954
d[34][39] = 6.7082
d[34][40] = 5.65685
d[34][41] = 4
d[34][42] = 25.2982
d[34][43] = 18.3848
d[34][44] = 16.6433
d[34][45] = 14.4222
d[34][46] = 11.3137
d[34][47] = 8.94427
d[34][48] = 8
d[35][0] = 20
d[35][1] = 20.3961
d[35][2] = 21.5407
d[35][3] = 23.3238
d[35][4] = 25.6125
d[35][5] = 28.2843
d[35][6] = 31.241
d[35][7] = 16
d[35][8] = 19.3132
d[35][9] = 20.1246
d[35][10] = 19.2094
d[35][11] = 24.2074
d[35][12] = 28.0179
d[35][13] = 28.8444
d[35][14] = 12
d[35][15] = 14.8661
d[35][16] = 15.8114
d[35][17] = 18.3848
d[35][18] = 21.6333
d[35][19] = 23.3238
d[35][20] = 26.8328
d[35][21] = 8
d[35][22] = 8.94427
d[35][23] = 12.8062
d[35][24] = 17
d[35][25] = 19.6977
d[35][26] = 21.5407
d[35][27] = 25.2982
d[35][28] = 4
d[35][29] = 5.65685
d[35][30] = 8.94427
d[35][31] = 13.9284
d[35][32] = 18.9737
d[35][33] = 20.6155
d[35][34] = 24.3311
d[35][35] = 0
d[35][36] = 7.07107
d[35][37] = 11.0454
d[35][38] = 15.1327
d[35][39] = 18.0278
d[35][40] = 20
d[35][41] = 24
d[35][42] = 4
d[35][43] = 7.61577
d[35][44] = 11.1803
d[35][45] = 12.6491
d[35][46] = 16.4924
d[35][47] = 20.3961
d[35][48] = 24.3311
d[36][0] = 20.2485
d[36][1] = 19.2354
d[36][2] = 19.0263
d[36][3] = 19.6469
d[36][4] = 21.0238
d[36][5] = 23.0217
d[36][6] = 25.4951
d[36][7] = 16.5529
d[36][8] = 17
d[36][9] = 17.1172
d[36][10] = 14.8661
d[36][11] = 18.4391
d[36][12] = 21.9317
d[36][13] = 22.6716
d[36][14] = 13.0384
d[36][15] = 13.1529
d[36][16] = 12.1655
d[36][17] = 13.4164
d[36][18] = 15.5563
d[36][19] = 17.0294
d[36][20] = 20.2485
d[36][21] = 9.89949
d[36][22] = 7.61577
d[36][23] = 9.05539
d[36][24] = 10.6301
d[36][25] = 13.0384
d[36][26] = 14.7648
d[36][27] = 18.3848
d[36][28] = 7.61577
d[36][29] = 4.24264
d[36][30] = 3.16228
d[36][31] = 7.2111
d[36][32] = 12.083
d[36][33] = 13.6015
d[36][34] = 17.2627
d[36][35] = 7.07107
d[36][36] = 0
d[36][37] = 4
d[36][38] = 8.06226
d[36][39] = 11
d[36][40] = 13.0384
d[36][41] = 17.0294
d[36][42] = 8.60233
d[36][43] = 4
d[36][44] = 6.7082
d[36][45] = 7.07107
d[36][46] = 10.2956
d[36][47] = 13.9284
d[36][48] = 17.72
d[37][0] = 21.9545
d[37][1] = 20.2485
d[37][2] = 19.2354
d[37][3] = 19.0263
d[37][4] = 19.6469
d[37][5] = 21.0238
d[37][6] = 23.0217
d[37][7] = 18.6011
d[37][8] = 17.4642
d[37][9] = 17.1172
d[37][10] = 14.0357
d[37][11] = 16.1245
d[37][12] = 19.2094
d[37][13] = 19.8494
d[37][14] = 15.5563
d[37][15] = 14.3178
d[37][16] = 12.1655
d[37][17] = 12.1655
d[37][18] = 13.0384
d[37][19] = 14.2127
d[37][20] = 17.0294
d[37][21] = 13.0384
d[37][22] = 9.89949
d[37][23] = 9.48683
d[37][24] = 8.06226
d[37][25] = 9.89949
d[37][26] = 11.4018
d[37][27] = 14.7648
d[37][28] = 11.4018
d[37][29] = 7.61577
d[37][30] = 4.24264
d[37][31] = 4.47214
d[37][32] = 8.60233
d[37][33] = 9.84886
d[37][34] = 13.3417
d[37][35] = 11.0454
d[37][36] = 4
d[37][37] = 0
d[37][38] = 4.12311
d[37][39] = 7
d[37][40] = 9.05539
d[37][41] = 13.0384
d[37][42] = 12.083
d[37][43] = 5.65685
d[37][44] = 6.08276
d[37][45] = 5.09902
d[37][46] = 7.07107
d[37][47] = 10.2956
d[37][48] = 13.9284
d[38][0] = 23.4307
d[38][1] = 21.095
d[38][2] = 19.3132
d[38][3] = 18.2483
d[38][4] = 18.0278
d[38][5] = 18.6815
d[38][6] = 20.1246
d[38][7] = 20.5183
d[38][8] = 17.8885
d[38][9] = 17.088
d[38][10] = 13.3417
d[38][11] = 13.6015
d[38][12] = 16.1245
d[38][13] = 16.6433
d[38][14] = 18.0278
d[38][15] = 15.6205
d[38][16] = 12.53
d[38][17] = 11.1803
d[38][18] = 10.4403
d[38][19] = 11.1803
d[38][20] = 13.4536
d[38][21] = 16.1555
d[38][22] = 12.53
d[38][23] = 10.6301
d[38][24] = 6
d[38][25] = 6.7082
d[38][26] = 7.81025
d[38][27] = 10.8167
d[38][28] = 15.1327
d[38][29] = 11.1803
d[38][30] = 7.28011
d[38][31] = 3.60555
d[38][32] = 5
d[38][33] = 5.83095
d[38][34] = 9.21954
d[38][35] = 15.1327
d[38][36] = 8.06226
d[38][37] = 4.12311
d[38][38] = 0
d[38][39] = 3.16228
d[38][40] = 5.38516
d[38][41] = 9.21954
d[38][42] = 16.1555
d[38][43] = 9.43398
d[38][44] = 8.60233
d[38][45] = 6.7082
d[38][46] = 6.08276
d[38][47] = 7.81025
d[38][48] = 10.8167
d[39][0] = 26.1725
d[39][1] = 23.6008
d[39][2] = 21.4709
d[39][3] = 19.9249
d[39][4] = 19.105
d[39][5] = 19.105
d[39][6] = 19.9249
d[39][7] = 23.4307
d[39][8] = 20.2485
d[39][9] = 19.2354
d[39][10] = 15.2315
d[39][11] = 14.0357
d[39][12] = 15.8114
d[39][13] = 16.1555
d[39][14] = 21.095
d[39][15] = 18.3848
d[39][16] = 15
d[39][17] = 13
d[39][18] = 11
d[39][19] = 11.1803
d[39][20] = 12.53
d[39][21] = 19.3132
d[39][22] = 15.6525
d[39][23] = 13.4536
d[39][24] = 7.61577
d[39][25] = 7
d[39][26] = 7.28011
d[39][27] = 9.21954
d[39][28] = 18.2483
d[39][29] = 14.3178
d[39][30] = 10.4403
d[39][31] = 6.40312
d[39][32] = 5
d[39][33] = 4.47214
d[39][34] = 6.7082
d[39][35] = 18.0278
d[39][36] = 11
d[39][37] = 7
d[39][38] = 3.16228
d[39][39] = 0
d[39][40] = 2.23607
d[39][41] = 6.08276
d[39][42] = 18.6815
d[39][43] = 11.7047
d[39][44] = 10
d[39][45] = 7.81025
d[39][46] = 5.38516
d[39][47] = 5.38516
d[39][48] = 7.81025
d[40][0] = 28.2843
d[40][1] = 25.6125
d[40][2] = 23.3238
d[40][3] = 21.5407
d[40][4] = 20.3961
d[40][5] = 20
d[40][6] = 20.3961
d[40][7] = 25.6125
d[40][8] = 22.2036
d[40][9] = 21.095
d[40][10] = 17
d[40][11] = 15.0333
d[40][12] = 16.2788
d[40][13] = 16.4924
d[40][14] = 23.3238
d[40][15] = 20.5183
d[40][16] = 17.0294
d[40][17] = 14.7648
d[40][18] = 12.1655
d[40][19] = 12
d[40][20] = 12.6491
d[40][21] = 21.5407
d[40][22] = 17.8885
d[40][23] = 15.6205
d[40][24] = 9.43398
d[40][25] = 8.24621
d[40][26] = 8
d[40][27] = 8.94427
d[40][28] = 20.3961
d[40][29] = 16.4924
d[40][30] = 12.6491
d[40][31] = 8.60233
d[40][32] = 6.32456
d[40][33] = 5
d[40][34] = 5.65685
d[40][35] = 20
d[40][36] = 13.0384
d[40][37] = 9.05539
d[40][38] = 5.38516
d[40][39] = 2.23607
d[40][40] = 0
d[40][41] = 4
d[40][42] = 20.3961
d[40][43] = 13.3417
d[40][44] = 11.1803
d[40][45] = 8.94427
d[40][46] = 5.65685
d[40][47] = 4
d[40][48] = 5.65685
d[41][0] = 31.241
d[41][1] = 28.2843
d[41][2] = 25.6125
d[41][3] = 23.3238
d[41][4] = 21.5407
d[41][5] = 20.3961
d[41][6] = 20
d[41][7] = 28.8444
d[41][8] = 24.7588
d[41][9] = 23.4307
d[41][10] = 19.2094
d[41][11] = 15.8114
d[41][12] = 16.0312
d[41][13] = 16
d[41][14] = 26.8328
d[41][15] = 23.6008
d[41][16] = 19.8494
d[41][17] = 17.0294
d[41][18] = 13.4164
d[41][19] = 12.6491
d[41][20] = 12
d[41][21] = 25.2982
d[41][22] = 21.5407
d[41][23] = 18.868
d[41][24] = 12.0416
d[41][25] = 10
d[41][26] = 8.94427
d[41][27] = 8
d[41][28] = 24.3311
d[41][29] = 20.3961
d[41][30] = 16.4924
d[41][31] = 12.083
d[41][32] = 8.48528
d[41][33] = 6.40312
d[41][34] = 4
d[41][35] = 24
d[41][36] = 17.0294
d[41][37] = 13.0384
d[41][38] = 9.21954
d[41][39] = 6.08276
d[41][40] = 4
d[41][41] = 0
d[41][42] = 24.3311
d[41][43] = 17.2627
d[41][44] = 14.8661
d[41][45] = 12.6491
d[41][46] = 8.94427
d[41][47] = 5.65685
d[41][48] = 4
d[42][0] = 24
d[42][1] = 24.3311
d[42][2] = 25.2982
d[42][3] = 26.8328
d[42][4] = 28.8444
d[42][5] = 31.241
d[42][6] = 33.9411
d[42][7] = 20
d[42][8] = 23.0868
d[42][9] = 23.7697
d[42][10] = 22.4722
d[42][11] = 26.8701
d[42][12] = 30.4795
d[42][13] = 31.241
d[42][14] = 16
d[42][15] = 18.6815
d[42][16] = 19.2354
d[42][17] = 21.4009
d[42][18] = 24.0832
d[42][19] = 25.6125
d[42][20] = 28.8444
d[42][21] = 12
d[42][22] = 12.6491
d[42][23] = 16.1245
d[42][24] = 19.2094
d[42][25] = 21.6333
d[42][26] = 23.3238
d[42][27] = 26.8328
d[42][28] = 8
d[42][29] = 8.94427
d[42][30] = 11.3137
d[42][31] = 15.8114
d[42][32] = 20.5913
d[42][33] = 21.9317
d[42][34] = 25.2982
d[42][35] = 4
d[42][36] = 8.60233
d[42][37] = 12.083
d[42][38] = 16.1555
d[42][39] = 18.6815
d[42][40] = 20.3961
d[42][41] = 24.3311
d[42][42] = 0
d[42][43] = 7.07107
d[42][44] = 10.0499
d[42][45] = 12
d[42][46] = 16
d[42][47] = 20
d[42][48] = 24
d[43][0] = 24.0416
d[43][1] = 23.1948
d[43][2] = 23.0217
d[43][3] = 23.5372
d[43][4] = 24.6982
d[43][5] = 26.4197
d[43][6] = 28.6007
d[43][7] = 20.2485
d[43][8] = 21
d[43][9] = 21.095
d[43][10] = 18.6815
d[43][11] = 21.6333
d[43][12] = 24.8395
d[43][13] = 25.4951
d[43][14] = 16.5529
d[43][15] = 17.1172
d[43][16] = 16.1245
d[43][17] = 17.088
d[43][18] = 18.6011
d[43][19] = 19.8494
d[43][20] = 22.6716
d[43][21] = 13.0384
d[43][22] = 11.4018
d[43][23] = 13.0384
d[43][24] = 13.6015
d[43][25] = 15.5563
d[43][26] = 17.0294
d[43][27] = 20.2485
d[43][28] = 9.89949
d[43][29] = 7.61577
d[43][30] = 7.07107
d[43][31] = 10
d[43][32] = 14.2127
d[43][33] = 15.2643
d[43][34] = 18.3848
d[43][35] = 7.61577
d[43][36] = 4
d[43][37] = 5.65685
d[43][38] = 9.43398
d[43][39] = 11.7047
d[43][40] = 13.3417
d[43][41] = 17.2627
d[43][42] = 7.07107
d[43][43] = 0
d[43][44] = 3.60555
d[43][45] = 5.09902
d[43][46] = 9.05539
d[43][47] = 13.0384
d[43][48] = 17.0294
d[44][0] = 26.9258
d[44][1] = 25.7099
d[44][2] = 25.0799
d[44][3] = 25.0799
d[44][4] = 25.7099
